# This file may be used to create an environment using:
# $ conda create --name <env> --file <this file>
# platform: win-64
absl-py=1.3.0=py37haa95532_0
aiohttp=3.8.3=py37h2bbff1b_0
aiosignal=1.2.0=pyhd3eb1b0_0
async-timeout=4.0.2=py37haa95532_0
asynctest=0.13.0=py_0
attrs=22.1.0=py37haa95532_0
backcall=0.2.0=pyhd3eb1b0_0
blas=1.0=mkl
blinker=1.4=py37haa95532_0
brotlipy=0.7.0=py37h2bbff1b_1003
ca-certificates=2023.08.22=haa95532_0
cachetools=4.2.2=pyhd3eb1b0_0
certifi=2022.12.7=py37haa95532_0
cffi=1.15.1=py37h2bbff1b_3
charset-normalizer=2.0.4=pyhd3eb1b0_0
click=8.0.4=py37haa95532_0
colorama=0.4.6=py37haa95532_0
cryptography=39.0.1=py37h21b164f_0
debugpy=1.5.1=py37hd77b12b_0
decorator=5.1.1=pyhd3eb1b0_0
entrypoints=0.4=py37haa95532_0
flit-core=3.6.0=pyhd3eb1b0_0
frozenlist=1.3.3=py37h2bbff1b_0
git=2.40.1=haa95532_1
google-auth=2.6.0=pyhd3eb1b0_0
google-auth-oauthlib=0.5.2=py37haa95532_0
grpcio=1.42.0=py37hc60d5dd_0
icc_rt=2022.1.0=h6049295_2
idna=3.4=py37haa95532_0
importlib-metadata=4.11.3=py37haa95532_0
intel-openmp=2023.1.0=h59b6b97_46320
ipykernel=6.15.2=py37haa95532_0
ipython=7.31.1=py37haa95532_1
jedi=0.18.1=py37haa95532_1
jupyter_client=7.4.9=py37haa95532_0
jupyter_core=4.11.2=py37haa95532_0
libprotobuf=3.20.3=h23ce68f_0
libsodium=1.0.18=h62dcd97_0
m2-base=1.0.0=3
m2-bash=4.3.042=5
m2-bash-completion=2.3=2
m2-catgets=1.1=3
m2-coreutils=8.25=102
m2-dash=0.5.8=2
m2-file=5.25=2
m2-filesystem=2016.04=4
m2-findutils=4.6.0=2
m2-gawk=4.1.3=2
m2-gcc-libs=5.3.0=4
m2-gettext=0.19.7=4
m2-gmp=6.1.0=3
m2-grep=2.22=4
m2-gzip=1.7=2
m2-inetutils=1.9.2=2
m2-info=6.0=2
m2-less=481=2
m2-libasprintf=0.19.7=4
m2-libcatgets=1.1=3
m2-libcrypt=1.3=2
m2-libgettextpo=0.19.7=4
m2-libiconv=1.14=3
m2-libintl=0.19.7=4
m2-liblzma=5.2.2=2
m2-libpcre=8.38=2
m2-libreadline=6.3.008=8
m2-libutil-linux=2.26.2=2
m2-libxml2=2.9.2=3
m2-mintty=1!2.2.3=2
m2-mpfr=3.1.4=2
m2-msys2-launcher-git=0.3.28.860c495=2
m2-msys2-runtime=2.5.0.17080.65c939c=3
m2-ncurses=6.0.20160220=2
m2-sed=4.2.2=3
m2-tftp-hpa=5.2=2
m2-time=1.7=2
m2-ttyrec=1.0.8=2
m2-tzcode=2015.e=2
m2-util-linux=2.26.2=2
m2-which=2.21=3
m2-zlib=1.2.8=4
markdown=3.4.1=py37haa95532_0
markupsafe=2.1.1=py37h2bbff1b_0
matplotlib-inline=0.1.6=py37haa95532_0
mkl=2020.2=256
mkl-service=2.3.0=py37h196d8e1_0
mkl_fft=1.3.0=py37h46781fe_0
mkl_random=1.1.1=py37h47e9c7a_0
msys2-conda-epoch=20160418=1
multidict=6.0.2=py37h2bbff1b_0
nest-asyncio=1.5.6=py37haa95532_0
numpy=1.19.2=py37hadc3359_0
numpy-base=1.19.2=py37ha3acd2a_0
oauthlib=3.2.1=py37haa95532_0
openssl=1.1.1w=h2bbff1b_0
packaging=22.0=py37haa95532_0
parso=0.8.3=pyhd3eb1b0_0
pickleshare=0.7.5=pyhd3eb1b0_1003
pillow=9.5.0=pypi_0
pip=22.3.1=py37haa95532_0
prompt-toolkit=3.0.36=py37haa95532_0
protobuf=3.20.3=py37hd77b12b_0
psutil=5.9.0=py37h2bbff1b_0
pyasn1=0.4.8=pyhd3eb1b0_0
pyasn1-modules=0.2.8=py_0
pycparser=2.21=pyhd3eb1b0_0
pygments=2.11.2=pyhd3eb1b0_0
pyjwt=2.4.0=py37haa95532_0
pyopenssl=23.0.0=py37haa95532_0
pysocks=1.7.1=py37_1
python=3.7.9=h60c2a47_0
python-dateutil=2.8.2=pyhd3eb1b0_0
pywin32=305=py37h2bbff1b_0
pyzmq=23.2.0=py37hd77b12b_0
requests=2.28.1=py37haa95532_0
requests-oauthlib=1.3.0=py_0
rsa=4.7.2=pyhd3eb1b0_1
scipy=1.1.0=py37h29ff71c_2
setuptools=65.6.3=py37haa95532_0
six=1.16.0=pyhd3eb1b0_1
sqlite=3.41.2=h2bbff1b_0
tensorboard=2.4.0=pyhc547734_0
tensorboard-plugin-wit=1.8.1=py37haa95532_0
torch=1.4.0=pypi_0
torchvision=0.5.0=pypi_0
tornado=6.2=py37h2bbff1b_0
traitlets=5.7.1=py37haa95532_0
typing-extensions=4.4.0=py37haa95532_0
typing_extensions=4.4.0=py37haa95532_0
urllib3=1.26.14=py37haa95532_0
vc=14.2=h21ff451_1
vs2015_runtime=14.27.29016=h5e58377_2
wcwidth=0.2.5=pyhd3eb1b0_0
werkzeug=2.2.2=py37haa95532_0
wheel=0.38.4=py37haa95532_0
win_inet_pton=1.1.0=py37haa95532_0
wincertstore=0.2=py37haa95532_2
yarl=1.8.1=py37h2bbff1b_0
zeromq=4.3.4=hd77b12b_0
zipp=3.11.0=py37haa95532_0
zlib=1.2.13=h8cc25b3_0
